function p1234_48 = getp1234_48
    p1234_48 = zeros(48, 4);

    % up
    p1234_48(1, :)  = [4, 3, 1, 2];
    p1234_48(2, :)  = [4, 3, 2, 1];
    p1234_48(3, :)  = [3, 2, 4, 1];
    p1234_48(4, :)  = [2, 1, 4, 3];
    p1234_48(5, :)  = [2, 1, 4, 3];
    p1234_48(6, :)  = [2, 1, 3, 4];
    p1234_48(7, :)  = [3, 2, 1, 4];
    p1234_48(8, :)  = [4, 3, 1, 2];

    % left
    p1234_48(9 , :) = [1, 2, 3, 4];
    p1234_48(10, :) = [1, 3, 2, 4];
    p1234_48(11, :) = [1, 4, 2, 3];
    p1234_48(12, :) = [1, 4, 3, 2];
    p1234_48(13, :) = [1, 4, 3, 2];
    p1234_48(14, :) = [1, 3, 4, 2];
    p1234_48(15, :) = [1, 2, 4, 3];
    p1234_48(16, :) = [1, 2, 3, 4];

    % down
    p1234_48(17, :) = [1, 2, 3, 4];
    p1234_48(18, :) = [2, 3, 1, 4];
    p1234_48(19, :) = [3, 4, 1, 2];
    p1234_48(20, :) = [3, 4, 2, 1];
    p1234_48(21, :) = [3, 4, 2, 1];
    p1234_48(22, :) = [2, 3, 4, 1];
    p1234_48(23, :) = [1, 2, 4, 3];
    p1234_48(24, :) = [1, 2, 3, 4];

    % right
    p1234_48(25, :) = [4, 3, 1, 2];
    p1234_48(26, :) = [4, 3, 2, 1];
    p1234_48(27, :) = [4, 2, 3, 1];
    p1234_48(28, :) = [4, 1, 3, 2];
    p1234_48(29, :) = [4, 1, 3, 2];
    p1234_48(30, :) = [4, 1, 2, 3];
    p1234_48(31, :) = [4, 2, 1, 3];
    p1234_48(32, :) = [4, 3, 1, 2];

    % far
    p1234_48(33, :) = [2, 1, 3, 4];
    p1234_48(34, :) = [3, 2, 1, 4];
    p1234_48(35, :) = [4, 3, 1, 2];
    p1234_48(36, :) = [4, 3, 2, 1];
    p1234_48(37, :) = [4, 3, 2, 1];
    p1234_48(38, :) = [4, 2, 3, 1];
    p1234_48(39, :) = [3, 1, 4, 2];
    p1234_48(40, :) = [2, 1, 3, 4];

    % near
    p1234_48(41, :) = [3, 4, 1, 2];
    p1234_48(42, :) = [2, 4, 3, 1];
    p1234_48(43, :) = [1, 3, 4, 2];
    p1234_48(44, :) = [1, 2, 4, 3];
    p1234_48(45, :) = [1, 2, 4, 3];
    p1234_48(46, :) = [1, 2, 3, 4];
    p1234_48(47, :) = [2, 3, 1, 4];
    p1234_48(48, :) = [3, 4, 1, 2];

end