% case1: small case
w_x = 8 / 100; % 10 / 100;
w_y = 20 / 100; % 16 / 100;
w_z = 8 / 100; % 10 / 100;

h_x = 0 / 100; % 2 / 100;
h_y = 0 / 100; % 6 / 100;
h_z = 0 / 100; % 2 / 100;
ell_y = 6 / 100; % 12 / 100;
r_c = 2 / 100; % 3 / 100;

% % case1: small case
% w_x = 8 / 100; % 10 / 100;
% w_y = 12 / 100; % 16 / 100;
% w_z = 8 / 100; % 10 / 100;

% h_x = 2 / 100; % 2 / 100;
% h_y = 2 / 100; % 6 / 100;
% h_z = 2 / 100; % 2 / 100;
% ell_y = 6 / 100; % 12 / 100;
% r_c = 2 / 100; % 3 / 100;

% % case2: 
% w_x = 12 / 100; % 10 / 100;
% w_y = 16 / 100; % 16 / 100;
% w_z = 12 / 100; % 10 / 100;

% h_x = 0 / 100; % 2 / 100;
% h_y = 0 / 100; % 6 / 100;
% h_z = 0 / 100; % 2 / 100;
% ell_y = 12 / 100; % 12 / 100;
% r_c = 2 / 100; % 3 / 100;

% % case4: 
% w_x = 12 / 100; % 10 / 100;
% w_y = 16 / 100; % 16 / 100;
% w_z = 12 / 100; % 10 / 100;

% h_x = 0 / 100; % 2 / 100;
% h_y = 0 / 100; % 6 / 100;
% h_z = 0 / 100; % 2 / 100;
% ell_y = 6 / 100; % 12 / 100;
% r_c = 2 / 100; % 3 / 100;

dx = 1 / 100;
dy = 1 / 100;
dz = 1 / 100;

Paras_Mag = [ w_x, w_y, w_z, ...
                h_x, h_y, h_z, ...
                ell_y, r_c, ...
                dx, dy, dz ];
